7.215777921385511107e+00 2.325385822870019714e-01 1.360000000000000000e+02 1.003003233457998533e+02
7.268498572963587812e+00 1.592105321015148400e-01 1.340000000000000000e+02 1.003584701742720853e+02
7.321219224541664516e+00 1.093979594207324935e-01 1.310000000000000000e+02 1.000516812091878620e+02
7.373939876119741221e+00 4.863104194663855906e-02 1.290000000000000000e+02 1.005233313113479880e+02
7.426660527697817926e+00 2.005928683555992589e-02 1.250000000000000000e+02 9.945666258309373120e+01
7.479381179275894631e+00 -2.344529255676653864e-02 1.210000000000000000e+02 9.951185300871721040e+01
7.532101830853971336e+00 -2.996829916209017841e-02 1.180000000000000000e+02 9.947504624082203861e+01
7.584822482432048041e+00 -2.208214484861239016e-02 1.160000000000000000e+02 1.008607390045509646e+02
7.637543134010124746e+00 -5.282145675424226861e-02 1.110000000000000000e+02 1.001761841182720474e+02
7.690263785588201451e+00 -1.593806413092813817e-02 1.070000000000000000e+02 1.007600730748573312e+02
