9.500000000000006821e+02 7.220814166497046926e+01
9.698091739000719826e+02 7.378434764909422938e+01
9.901729396156000576e+02 7.564268267860774131e+01
1.011110842222310566e+03 8.066863423570119096e+01
1.032643259231841967e+03 8.524220502128413557e+01
1.054791442249987540e+03 8.857934183203092005e+01
1.077577561034653172e+03 8.953796051292486879e+01
1.101024750110161222e+03 9.682527491800877328e+01
1.125157158105921326e+03 1.027004630571951651e+02
1.150000000000000909e+03 1.076989619377162199e+02
