#	VACF	MSD
    3.7854         0
    3.7730    0.0001
    ??????    0.0004
    3.6426    0.0009
    3.5288    0.0015
    3.3875    0.0023
    3.2234    0.0033
    3.0413    0.0045
    2.8459    0.0058
    2.6410    0.0073
    2.4303    0.0089
    2.2171    0.0107
    2.0042    0.0125
    1.7943    0.0145
    1.5895    0.0165
    1.3918    0.0187
    1.2028    0.0209
    1.0239    0.0232
    0.8561    0.0256
    0.7000    0.0279
    0.5560    0.0304
    0.4246    0.0328
    0.3060    0.0353
    0.2003    0.0378
    0.1068    0.0403
    0.0249    0.0428
   -0.0464    0.0453
   -0.1078    0.0478
   -0.1599    0.0503
   -0.2035    0.0528
   -0.2389    0.0553
   -0.2664    0.0577
   -0.2866    0.0602
   -0.2999    0.0626
   -0.3073    0.0650
   -0.3095    0.0674
   -0.3075    0.0698
   -0.3019    0.0722
   -0.2937    0.0746
   -0.2835    0.0769
   -0.2721    0.0793
   -0.2604    0.0816
   -0.2488    0.0839
   -0.2376    0.0862
   -0.2267    0.0884
   -0.2161    0.0907
   -0.2058    0.0929
   -0.1958    0.0951
   -0.1861    0.0974
   -0.1769    0.0996
   -0.1683    0.1017
   -0.1604    0.1039
   -0.1533    0.1061
   -0.1469    0.1082
   -0.1412    0.1104
   -0.1362    0.1126
   -0.1319    0.1147
   -0.1284    0.1169
   -0.1257    0.1190
   -0.1238    0.1212
   -0.1226    0.1233
   -0.1224    0.1255
   -0.1231    0.1276
   -0.1250    0.1297
   -0.1279    0.1319
   -0.1313    0.1340
   -0.1348    0.1362
   -0.1379    0.1383
   -0.1398    0.1404
   -0.1401    0.1426
   -0.1386    0.1448
   -0.1353    0.1469
   -0.1306    0.1491
   -0.1249    0.1513
   -0.1185    0.1535
   -0.1114    0.1557
   -0.1034    0.1579
   -0.0944    0.1601
   -0.0843    0.1623
   -0.0735    0.1645
   -0.0623    0.1667
   -0.0511    0.1689
   -0.0403    0.1711
   -0.0301    0.1733
   -0.0208    0.1754
   -0.0122    0.1776
   -0.0042    0.1798
    0.0034    0.1819
    0.0107    0.1841
    0.0175    0.1863
    0.0237    0.1884
    0.0290    0.1906
    0.0333    0.1928
    0.0366    0.1950
    0.0392    0.1973
    0.0413    0.1995
    0.0432    0.2018
    0.0451    0.2040
    0.0468    0.2063
    0.0480    0.2085
    0.0484    0.2107
    0.0480    0.2130
    0.0468    0.2152
    0.0452    0.2174
    0.0435    0.2196
    0.0420    0.2218
    0.0410    0.2241
    0.0408    0.2263
    0.0413    0.2285
    0.0422    0.2308
    0.0434    0.2331
    0.0446    0.2354
    0.0461    0.2377
    0.0478    0.2400
    0.0500    0.2423
    0.0524    0.2446
    0.0553    0.2469
    0.0590    0.2492
    0.0635    0.2515
    0.0689    0.2538
    0.0752    0.2561
    0.0823    0.2583
    0.0901    0.2606
    0.0986    0.2628
    0.1076    0.2650
    0.1169    0.2672
    0.1264    0.2694
    0.1355    0.2716
    0.1436    0.2737
    0.1503    0.2758
    0.1550    0.2779
    0.1574    0.2800
    0.1572    0.2821
    0.1544    0.2842
    0.1493    0.2862
    0.1422    0.2882
    0.1336    0.2902
    0.1240    0.2922
    0.1137    0.2942
    0.1030    0.2962
    0.0918    0.2982
    0.0802    0.3002
    0.0678    0.3022
    0.0547    0.3043
    0.0408    0.3063
    0.0262    0.3083
    0.0111    0.3104
   -0.0040    0.3125
   -0.0186    0.3146
   -0.0321    0.3167
   -0.0437    0.3189
   -0.0530    0.3211
   -0.0596    0.3233
   -0.0632    0.3256
   -0.0638    0.3278
   -0.0614    0.3301
   -0.0565    0.3324
   -0.0496    0.3347
   -0.0415    0.3370
   -0.0332    0.3393
   -0.0254    0.3417
   -0.0185    0.3440
   -0.0130    0.3463
   -0.0088    0.3486
   -0.0058    0.3510
   -0.0037    0.3533
   -0.0023    0.3556
   -0.0015    0.3578
   -0.0012    0.3601
   -0.0013    0.3624
   -0.0016    0.3646
   -0.0019    0.3668
   -0.0020    0.3690
   -0.0018    0.3712
   -0.0012    0.3734
   -0.0002    0.3756
    0.0011    0.3777
    0.0024    0.3799
    0.0036    0.3821
    0.0046    0.3842
    0.0055    0.3864
    0.0064    0.3886
    0.0075    0.3907
    0.0093    0.3928
    0.0122    0.3950
    0.0164    0.3971
    0.0223    0.3992
    0.0298    0.4013
    0.0387    0.4034
    0.0485    0.4055
    0.0589    0.4076
    0.0694    0.4098
    0.0797    0.4120
    0.0894    0.4142
    0.0983    0.4164
    0.1062    0.4187
    0.1128    0.4210
    0.1178    0.4233
    0.1211    0.4257
    0.1228    0.4281
    0.1233    0.4305
    0.1230    0.4329
    0.1226    0.4353
    0.1222    0.4378
    0.1220    0.4402
    0.1222    0.4427
    0.1225    0.4451
    0.1228    0.4475
    0.1227    0.4500
    0.1218    0.4524
    0.1197    0.4547
    0.1161    0.4570
    0.1109    0.4593
    0.1043    0.4616
    0.0966    0.4638
    0.0880    0.4660
    0.0787    0.4682
    0.0690    0.4703
    0.0589    0.4724
    0.0489    0.4745
    0.0391    0.4766
    0.0299    0.4786
    0.0218    0.4807
    0.0148    0.4827
    0.0090    0.4847
    0.0044    0.4867
    0.0009    0.4887
   -0.0019    0.4907
   -0.0038    0.4927
   -0.0050    0.4947
   -0.0054    0.4967
   -0.0050    0.4987
   -0.0040    0.5007
   -0.0023    0.5027
   -0.0001    0.5047
    0.0023    0.5066
    0.0047    0.5086
    0.0066    0.5105
    0.0076    0.5125
    0.0076    0.5144
    0.0067    0.5162
    0.0052    0.5181
    0.0036    0.5199
    0.0025    0.5217
    0.0023    0.5235
    0.0034    0.5252
    0.0056    0.5269
    0.0085    0.5286
    0.0115    0.5303
    0.0143    0.5319
    0.0166    0.5336
    0.0182    0.5353
    0.0192    0.5370
    0.0200    0.5387
    0.0204    0.5405
    0.0207    0.5423
    0.0208    0.5441
    0.0209    0.5459
    0.0210    0.5478
    0.0214    0.5497
    0.0223    0.5516
    0.0237    0.5536
    0.0256    0.5556
    0.0277    0.5577
    0.0296    0.5598
    0.0315    0.5619
    0.0332    0.5640
    0.0350    0.5662
    0.0372    0.5684
    0.0400    0.5706
    0.0437    0.5728
    0.0483    0.5750
    0.0541    0.5772
    0.0608    0.5795
    0.0682    0.5817
    0.0759    0.5840
    0.0834    0.5863
    0.0897    0.5885
    0.0946    0.5908
    0.0974    0.5931
    0.0980    0.5954
    0.0963    0.5976
    0.0923    0.5999
    0.0860    0.6022
    0.0777    0.6044
    0.0679    0.6067
    0.0571    0.6089
    0.0459    0.6112
    0.0349    0.6134
    0.0245    0.6156
    0.0152    0.6177
    0.0073    0.6199
    0.0010    0.6221
   -0.0036    0.6242
   -0.0067    0.6263
   -0.0083    0.6284
   -0.0085    0.6306
   -0.0076    0.6327
   -0.0054    0.6348
   -0.0021    0.6369
    0.0024    0.6390
    0.0077    0.6411
    0.0139    0.6432
    0.0206    0.6453
    0.0274    0.6474
    0.0339    0.6495
    0.0396    0.6515
    0.0442    0.6536
    0.0476    0.6556
    0.0502    0.6577
    0.0523    0.6598
    0.0545    0.6618
    0.0572    0.6639
    0.0606    0.6659
    0.0647    0.6680
    0.0690    0.6701
    0.0733    0.6721
    0.0770    0.6742
    0.0798    0.6763
    0.0815    0.6784
    0.0818    0.6805
    0.0808    0.6826
    0.0787    0.6847
    0.0756    0.6868
    0.0718    0.6889
    0.0673    0.6910
    0.0623    0.6931
    0.0564    0.6952
    0.0495    0.6973
    0.0415    0.6993
    0.0323    0.7013
    0.0220    0.7033
    0.0104    0.7053
   -0.0026    0.7072
   -0.0168    0.7092
   -0.0319    0.7111
   -0.0472    0.7130
   -0.0621    0.7149
   -0.0758    0.7168
   -0.0877    0.7187
   -0.0976    0.7206
   -0.1049    0.7226
   -0.1096    0.7245
   -0.1114    0.7264
   -0.1103    0.7283
   -0.1064    0.7303
   -0.0999    0.7323
   -0.0915    0.7343
   -0.0814    0.7364
   -0.0701    0.7385
   -0.0581    0.7406
   -0.0456    0.7427
   -0.0329    0.7449
   -0.0205    0.7471
   -0.0085    0.7494
    0.0028    0.7516
    0.0132    0.7539
    0.0226    0.7562
    0.0307    0.7586
    0.0375    0.7609
    0.0427    0.7633
    0.0462    0.7657
    0.0482    0.7681
    0.0486    0.7705
    0.0476    0.7729
    0.0454    0.7753
    0.0423    0.7777
    0.0387    0.7801
    0.0350    0.7826
    0.0316    0.7850
    0.0284    0.7874
    0.0256    0.7899
    0.0229    0.7923
    0.0201    0.7948
    0.0170    0.7972
    0.0139    0.7997
    0.0107    0.8021
    0.0079    0.8045
    0.0056    0.8069
    0.0038    0.8093
    0.0025    0.8117
    0.0017    0.8140
    0.0014    0.8163
    0.0014    0.8186
    0.0017    0.8209
    0.0019    0.8231
    0.0018    0.8254
    0.0010    0.8275
   -0.0009    0.8297
   -0.0041    0.8318
   -0.0087    0.8338
   -0.0144    0.8359
   -0.0208    0.8378
   -0.0273    0.8397
   -0.0336    0.8416
   -0.0394    0.8434
   -0.0445    0.8451
   -0.0490    0.8468
   -0.0527    0.8484
   -0.0556    0.8500
   -0.0577    0.8515
   -0.0589    0.8530
   -0.0593    0.8545
   -0.0591    0.8560
   -0.0588    0.8574
   -0.0586    0.8589
   -0.0588    0.8604
   -0.0596    0.8620
   -0.0610    0.8635
   -0.0628    0.8651
   -0.0644    0.8667
   -0.0654    0.8683
   -0.0655    0.8699
   -0.0644    0.8716
   -0.0623    0.8733
   -0.0595    0.8751
   -0.0563    0.8769
   -0.0530    0.8787
   -0.0498    0.8806
   -0.0467    0.8826
   -0.0436    0.8846
   -0.0407    0.8866
   -0.0379    0.8887
   -0.0356    0.8908
   -0.0340    0.8929
   -0.0332    0.8951
   -0.0333    0.8972
   -0.0344    0.8994
   -0.0365    0.9015
   -0.0396    0.9037
   -0.0435    0.9058
   -0.0482    0.9079
   -0.0535    0.9100
   -0.0591    0.9120
   -0.0649    0.9140
   -0.0708    0.9160
   -0.0770    0.9179
   -0.0833    0.9197
   -0.0899    0.9215
   -0.0963    0.9233
   -0.1024    0.9251
   -0.1078    0.9268
   -0.1121    0.9286
   -0.1149    0.9303
   -0.1159    0.9321
   -0.1154    0.9338
   -0.1134    0.9355
   -0.1105    0.9373
   -0.1069    0.9390
   -0.1030    0.9408
   -0.0988    0.9426
   -0.0945    0.9444
   -0.0904    0.9462
   -0.0867    0.9480
   -0.0835    0.9499
   -0.0811    0.9518
   -0.0793    0.9537
   -0.0781    0.9557
   -0.0772    0.9577
   -0.0765    0.9596
   -0.0758    0.9616
   -0.0751    0.9636
   -0.0745    0.9656
   -0.0740    0.9676
   -0.0736    0.9696
   -0.0729    0.9717
   -0.0719    0.9737
   -0.0704    0.9757
   -0.0685    0.9777
   -0.0662    0.9797
   -0.0637    0.9817
   -0.0612    0.9836
   -0.0588    0.9855
   -0.0563    0.9874
   -0.0537    0.9893
   -0.0503    0.9912
   -0.0458    0.9931
   -0.0397    0.9950
   -0.0318    0.9969
   -0.0221    0.9989
   -0.0108    1.0008
    0.0021    1.0028
    0.0162    1.0047
    0.0314    1.0067
    0.0473    1.0087
    0.0636    1.0107
    0.0797    1.0127
    0.0953    1.0148
    0.1098    1.0168
    0.1230    1.0188
    0.1342    1.0209
    0.1432    1.0230
    0.1497    1.0251
    0.1533    1.0273
    0.1542    1.0295
    0.1523    1.0317
    0.1479    1.0341
    0.1414    1.0364
    0.1328    1.0388
    0.1223    1.0413
    0.1101    1.0439
    0.0962    1.0465
    0.0809    1.0492
    0.0645    1.0519
    0.0474    1.0546
    0.0300    1.0574
    0.0127    1.0601
   -0.0042    1.0629
   -0.0202    1.0657
   -0.0349    1.0684
   -0.0478    1.0712
   -0.0584    1.0739
   -0.0662    1.0767
   -0.0710    1.0794
   -0.0727    1.0821
   -0.0715    1.0848
   -0.0676    1.0875
   -0.0616    1.0902
   -0.0541    1.0929
   -0.0461    1.0956
   -0.0385    1.0982
   -0.0319    1.1009
   -0.0270    1.1035
   -0.0238    1.1062
   -0.0223    1.1089
   -0.0224    1.1116
   -0.0239    1.1143
   -0.0271    1.1170
   -0.0317    1.1197
   -0.0376    1.1224
   -0.0446    1.1251
   -0.0523    1.1279
   -0.0604    1.1307
   -0.0683    1.1335
   -0.0754    1.1363
   -0.0814    1.1391
   -0.0857    1.1420
   -0.0883    1.1448
   -0.0890    1.1477
   -0.0881    1.1506
   -0.0858    1.1534
   -0.0825    1.1562
   -0.0786    1.1590
   -0.0743    1.1618
   -0.0698    1.1645
   -0.0650    1.1671
   -0.0601    1.1697
   -0.0554    1.1723
   -0.0512    1.1749
   -0.0478    1.1774
   -0.0455    1.1799
   -0.0444    1.1824
   -0.0449    1.1849
   -0.0473    1.1873
   -0.0518    1.1898
   -0.0586    1.1922
   -0.0673    1.1946
   -0.0771    1.1969
   -0.0870    1.1992
   -0.0957    1.2015
   -0.1023    1.2037
   -0.1059    1.2058
   -0.1062    1.2079
   -0.1036    1.2100
   -0.0985    1.2120
   -0.0917    1.2139
   -0.0840    1.2159
   -0.0763    1.2178
   -0.0692    1.2197
   -0.0628    1.2216
   -0.0573    1.2234
   -0.0522    1.2253
   -0.0469    1.2271
   -0.0410    1.2290
   -0.0340    1.2308
   -0.0256    1.2326
   -0.0159    1.2345
   -0.0053    1.2363
    0.0057    1.2382
    0.0165    1.2401
    0.0267    1.2421
    0.0361    1.2442
    0.0444    1.2462
    0.0517    1.2484
    0.0576    1.2506
    0.0621    1.2528
    0.0648    1.2551
    0.0656    1.2574
    0.0645    1.2597
    0.0620    1.2620
    0.0584    1.2644
    0.0544    1.2667
    0.0502    1.2690
    0.0461    1.2713
    0.0422    1.2736
    0.0384    1.2759
    0.0349    1.2782
    0.0317    1.2805
    0.0291    1.2827
    0.0272    1.2849
    0.0262    1.2871
    0.0261    1.2892
    0.0270    1.2913
    0.0289    1.2934
    0.0318    1.2954
    0.0353    1.2975
    0.0391    1.2996
    0.0426    1.3017
    0.0452    1.3038
    0.0467    1.3060
    0.0469    1.3082
    0.0462    1.3105
    0.0448    1.3128
    0.0429    1.3152
    0.0405    1.3176
    0.0378    1.3200
    0.0350    1.3225
    0.0321    1.3250
    0.0297    1.3275
    0.0281    1.3300
    0.0278    1.3325
    0.0288    1.3350
    0.0313    1.3375
    0.0353    1.3400
    0.0405    1.3425
    0.0470    1.3450
    0.0547    1.3476
    0.0634    1.3501
    0.0728    1.3527
    0.0826    1.3553
    0.0922    1.3580
    0.1010    1.3606
    0.1086    1.3633
    0.1148    1.3660
    0.1194    1.3687
    0.1224    1.3713
    0.1239    1.3739
    0.1239    1.3765
    0.1225    1.3790
    0.1197    1.3814
    0.1157    1.3838
    0.1108    1.3861
    0.1056    1.3884
    0.1003    1.3906
    0.0950    1.3928
    0.0899    1.3950
    0.0847    1.3971
    0.0794    1.3991
    0.0740    1.4012
    0.0683    1.4033
    0.0625    1.4054
    0.0565    1.4075
    0.0505    1.4096
    0.0445    1.4118
    0.0386    1.4140
    0.0328    1.4162
    0.0269    1.4185
    0.0207    1.4207
    0.0141    1.4230
    0.0067    1.4254
   -0.0014    1.4277
   -0.0101    1.4300
   -0.0188    1.4323
   -0.0272    1.4346
   -0.0350    1.4369
   -0.0423    1.4391
   -0.0491    1.4412
   -0.0554    1.4433
   -0.0610    1.4453
   -0.0657    1.4473
   -0.0693    1.4491
   -0.0720    1.4509
   -0.0742    1.4527
   -0.0764    1.4544
   -0.0791    1.4560
   -0.0829    1.4576
   -0.0879    1.4591
   -0.0943    1.4606
   -0.1018    1.4621
   -0.1100    1.4635
   -0.1182    1.4649
   -0.1256    1.4663
   -0.1313    1.4677
   -0.1346    1.4692
   -0.1350    1.4706
   -0.1326    1.4720
   -0.1273    1.4734
   -0.1197    1.4748
   -0.1100    1.4762
   -0.0985    1.4777
   -0.0857    1.4792
   -0.0723    1.4808
   -0.0586    1.4824
   -0.0452    1.4840
   -0.0322    1.4858
   -0.0197    1.4875
   -0.0076    1.4894
    0.0039    1.4913
    0.0146    1.4932
    0.0240    1.4952
    0.0319    1.4972
    0.0381    1.4992
    0.0427    1.5013
    0.0460    1.5033
    0.0479    1.5054
    0.0485    1.5076
    0.0479    1.5097
    0.0463    1.5119
    0.0439    1.5141
    0.0406    1.5164
    0.0364    1.5186
    0.0313    1.5209
    0.0251    1.5232
    0.0177    1.5255
    0.0094    1.5278
    0.0004    1.5301
   -0.0089    1.5324
   -0.0180    1.5347
   -0.0263    1.5370
   -0.0333    1.5393
   -0.0386    1.5416
   -0.0421    1.5438
   -0.0439    1.5460
   -0.0443    1.5482
   -0.0440    1.5504
   -0.0432    1.5525
   -0.0423    1.5546
   -0.0414    1.5567
   -0.0406    1.5588
   -0.0399    1.5609
   -0.0393    1.5629
   -0.0388    1.5649
   -0.0381    1.5669
   -0.0373    1.5689
   -0.0364    1.5709
   -0.0352    1.5728
   -0.0337    1.5747
   -0.0318    1.5765
   -0.0290    1.5783
   -0.0251    1.5801
   -0.0203    1.5818
   -0.0150    1.5835
   -0.0098    1.5851
   -0.0054    1.5868
   -0.0020    1.5883
    0.0001    1.5898
    0.0008    1.5912
    0.0002    1.5926
   -0.0017    1.5939
   -0.0050    1.5951
   -0.0090    1.5962
   -0.0133    1.5973
   -0.0169    1.5983
   -0.0193    1.5993
   -0.0202    1.6003
   -0.0197    1.6013
   -0.0181    1.6022
   -0.0159    1.6033
   -0.0138    1.6043
   -0.0121    1.6055
   -0.0111    1.6066
   -0.0106    1.6079
   -0.0108    1.6092
   -0.0118    1.6106
   -0.0136    1.6120
   -0.0163    1.6135
   -0.0200    1.6150
   -0.0243    1.6166
   -0.0289    1.6182
   -0.0333    1.6199
   -0.0372    1.6216
   -0.0401    1.6234
   -0.0416    1.6252
   -0.0416    1.6270
   -0.0399    1.6289
   -0.0370    1.6307
   -0.0335    1.6326
   -0.0302    1.6345
   -0.0276    1.6364
   -0.0263    1.6382
   -0.0263    1.6401
   -0.0275    1.6419
   -0.0296    1.6437
   -0.0325    1.6455
   -0.0358    1.6473
   -0.0395    1.6491
   -0.0436    1.6509
   -0.0482    1.6527
   -0.0531    1.6546
   -0.0584    1.6564
   -0.0636    1.6583
   -0.0685    1.6602
   -0.0727    1.6622
   -0.0761    1.6642
   -0.0785    1.6663
   -0.0800    1.6683
   -0.0810    1.6704
   -0.0815    1.6725
   -0.0819    1.6746
   -0.0820    1.6767
   -0.0816    1.6787
